0.319951
0.289369
0.169520
0.226811
0.186675
0.195219
0.153665
0.660281
0.138564
0.131662
0.133942
0.433629
0.336969
0.136967
0.149564
0.270404
0.140864
0.137761
0.367304
0.259792
0.267201
0.322834
0.290787
0.159128
0.205285
0.262691
0.108841
0.182870
0.161633
0.209186
0.087870
0.225387
0.177363
0.071439
0.099000
0.189304
0.132175
0.080012
0.236700
0.362007
0.504052
0.339747
0.288067
0.558289
0.034793
0.413275
0.237406
0.398844
0.404020
0.476741
0.175461
0.350728
0.255329
0.208642
0.385372
0.086534
0.206305
0.307305
0.156523
0.289492
0.048757
0.263301
0.048435
0.352604
0.292818
0.366067
0.024838
0.120955
0.271440
0.188770
0.497332
0.278073
0.060037
0.321189
0.367566
0.231577
0.541660
0.266301
0.345766
0.049821
0.554485
0.253214
0.356576
0.390099
0.319932
0.094741
0.331648
0.542623
0.149110
0.249251
0.226425
0.055784
0.213274
0.476142
0.166601
0.356329
0.310640
0.238663
0.334754
0.232297
0.311020
0.271695
0.404302
0.192458
0.140151
0.692609
0.310941
0.066814
0.106626
0.151965
0.243489
0.249141
0.710683
0.350828
0.329283
0.226840
0.327100
0.317864
0.086380
0.617201
0.222293
0.397702
0.148578
0.068855
0.230220
0.681871
0.213931
0.223957
0.144829
0.179424
0.570214
0.146507
0.093166
0.311479
0.125531
0.377555
0.110300
0.298187
0.042330
0.469447
0.182700
0.441610
0.394158
0.030730
0.177223
0.134383
0.157097
0.377072
0.614074
0.356999
0.255606
0.091418
0.305592
0.132794
0.114220
0.122161
0.230216
0.322365
0.314038
0.123281
0.431381
0.285787
0.421735
0.076287
0.066062
0.237830
0.217130
0.049832
0.155884
0.503758
0.355798
0.380199
0.431834
0.285626
0.453646
0.104260
0.178981
0.232250
0.290456
0.317157
0.497436
0.099157
0.208842
0.543135
0.451232
0.312493
0.085883
0.346276
0.137649
0.283164
0.120789
0.562857
0.564234
0.314740
0.083545
0.093420
0.617461
0.031761
0.264597
0.439531
0.475066
0.471011
0.515187
0.298058
0.283965
0.269227
0.515208
0.438507
0.031031
0.070578
0.132030
0.210173
0.381458
0.171293
0.129745
0.132095
0.081241
0.586153
0.322860
0.227964
0.637651
0.533685
0.209199
0.280945
0.244378
0.109960
0.080815
0.135692
0.329161
0.397183
0.261743
0.337391
0.162454
0.533508
0.302860
0.439512
0.412277
0.498939
0.127646
0.167756
0.393116
0.131368
0.313859
0.277761
0.407179
0.145167
0.464648
0.724696
0.492172
0.517950
0.395104
0.271305
0.090607
0.242304
0.373281
0.129483
0.121756
0.640960
0.148212
0.196627
0.379608
0.224485
0.489191
0.290689
0.232227
0.019099
0.654580
0.109762
0.195303
0.578195
0.049834
0.325866
0.158344
0.340974
0.298376
0.111550
0.039421
0.434587
0.167361
0.092408
0.179553
0.291786
0.339547
0.228027
0.355900
0.182403
0.150753
0.534601
0.614194
0.590937
0.397951
0.313860
0.205688
0.152211
0.437550
0.621624
0.272523
0.114204
0.455471
0.120737
0.386129
0.311417
0.257035
0.746767
0.299472
0.086321
0.351781
0.157677
0.155133
0.266422
0.119046
0.082211
0.348778
0.080173
0.196672
0.668423
0.166752
0.169217
0.722831
0.177304
0.020016
0.099540
0.148384
0.188192
0.108404
0.291260
0.174380
0.282226
0.167000
0.338102
0.213412
0.331054
0.577485
0.684702
0.109545
0.303137
0.269122
0.221493
0.654080
0.609725
0.193942
0.226819
0.400892
0.184933
0.483523
0.103998
0.161548
0.529915
0.073097
0.190715
0.425233
0.398817
0.221949
0.170722
0.172608
0.031994
0.423336
0.515000
0.039529
0.466121
0.205858
0.366119
0.364316
0.218633
0.445172
0.447252
0.280298
0.155089
0.205240
0.631178
0.226287
0.257316
0.297880
0.288030
0.521648
0.439683
0.205281
0.252533
0.758171
0.089577
0.195275
0.333271
0.324097
0.313173
0.168410
0.074955
0.074271
0.728547
0.356837
0.405169
0.120122
0.569005
0.035501
0.282562
0.074911
0.284453
0.044252
0.529338
0.410866
0.559951
0.498350
0.425354
0.373889
0.397522
0.204817
0.056483
0.119381
0.514784
0.451759
0.292267
0.539002
0.374382
0.041199
0.282716
0.112499
0.166938
0.134082
0.226650
0.260697
0.288842
0.231661
0.145156
0.100476
0.421211
0.087557
0.052005
0.490012
0.293924
0.402891
0.313351
0.363053
0.215578
0.775399
0.490832
0.339991
0.205636
0.122927
0.249983
0.043948
0.534870
0.272817
0.103786
0.381534
0.018671
0.149637
0.249088
0.675809
0.087381
0.411540
0.276369
0.326711
0.343320
0.473620
0.246890
0.257561
0.117996
0.354476
0.448955
0.004599
0.133143
0.464686
0.043963
0.425747
0.092649
0.205377
0.300621
0.318036
0.264978
0.462709
0.190730
0.202497
0.165365
0.173143
0.364985
0.127910
0.601634
0.332548
0.610899
0.309827
0.635217
0.427302
0.300864
0.222069
0.307068
0.378525
0.418136
0.038580
0.628461
0.185670
0.130610
0.433345
0.461818
0.201600
0.250461
0.341308
0.439653
0.178973
0.423092
0.285802
0.256757
0.206405
0.090218
0.152980
0.587947
0.320244
0.322758
0.256145
0.680750
0.234465
0.481470
0.250779
0.630353
0.537478
0.577502
0.508982
0.090379
0.705533
0.251021
0.467182
0.599335
0.239151
0.327696
0.309085
0.237124
0.436418
0.171801
0.424483
0.165580
0.303321
0.135664
0.363585
0.222453
0.283869
0.289221
0.447830
0.367007
0.477475
0.058779
0.407555
0.139016
0.151864
0.247898
0.254080
0.423608
0.522350
0.409119
0.259610
0.354113
0.304048
0.363362
0.144456
0.526589
0.325785
0.338770
0.303774
0.660829
0.486884
0.269320
0.326553
0.226454
0.398662
0.199740
0.218966
0.740566
0.444864
0.209818
0.402667
0.402858
0.044419
0.391670
0.153473
0.143848
0.694702
0.212150
0.020704
0.281489
0.341637
0.088260
0.278812
0.073946
0.128242
0.232011
0.431828
0.233165
0.152327
0.365322
0.233397
0.290588
0.200533
0.237212
0.115170
0.347655
0.797840
0.486001
0.114105
0.252151
0.452312
0.255438
0.639261
0.128262
0.350208
0.332012
0.251731
0.365976
0.197561
0.512958
0.348394
0.311908
0.354730
0.446513
0.325133
0.155673
0.161486
0.104850
0.187886
0.302594
0.032394
0.079691
0.261278
0.672294
0.207741
0.623669
0.394913
0.252150
0.030111
0.095171
0.559865
0.297452
0.580500
0.426995
0.100495
0.129649
0.173649
0.478493
0.320143
0.159712
0.213335
0.065589
0.451139
0.199403
0.467028
0.053844
0.226142
0.154914
0.344289
0.346825
0.404426
0.216366
0.082387
0.335226
0.109683
0.186565
0.374868
0.120356
0.584566
0.164206
0.313951
0.697298
0.436266
0.580719
0.186877
0.477295
0.179932
0.560977
0.317165
0.275080
0.463177
0.265324
0.147441
0.238718
0.175583
0.383589
0.156276
0.205169
0.313554
0.212151
0.616037
0.785651
0.404560
0.353571
0.280096
0.413142
0.240226
0.122121
0.149021
0.444766
0.239617
0.098944
0.121702
0.426416
0.423611
0.085323
0.145059
0.253297
0.361777
0.109172
0.012869
0.105307
0.352627
0.204272
0.621289
0.256971
0.169410
0.240132
0.195214
0.092859
0.206261
0.290139
0.218333
0.110580
0.244268
0.264170
0.280658
0.118050
0.434469
0.077301
0.698425
0.128210
0.276070
0.208125
0.046706
0.066362
0.189363
0.331648
0.264337
0.399020
0.291805
0.319970
0.089700
0.597664
0.336452
0.420038
0.202540
0.359084
0.340634
0.364126
0.202369
0.511182
0.230287
0.605919
0.298053
0.250182
0.278481
0.173168
0.046596
0.199275
0.412552
0.145471
0.540893
0.154805
0.089264
0.280061
0.098232
0.891964
0.251370
0.217166
0.185302
0.495027
0.114680
0.296587
0.269408
0.503412
0.177976
0.485055
0.411787
0.757008
0.553035
0.200537
0.243687
0.433398
0.204312
0.069570
0.665914
0.474399
0.255752
0.158638
0.445584
0.080263
0.064539
0.328414
0.072486
0.137280
0.230592
0.274490
0.216966
0.217174
0.436863
0.122314
0.077892
0.423126
0.541078
0.200233
0.354388
0.184183
0.621474
0.627634
0.360758
0.645721
0.313334
0.369610
0.312887
0.115477
0.133240
0.307805
0.232302
0.198677
0.194083
0.467305
0.547245
0.380594
0.151571
0.399594
0.093938
0.553680
0.414399
0.025193
0.098866
0.442497
0.090593
0.406470
0.103225
0.417736
0.180869
0.170038
0.085027
0.214185
0.207034
0.168988
0.177968
0.296978
0.464814
0.367217
0.250224
0.428378
0.343206
0.328064
0.112491
0.162769
0.388614
0.075026
0.035602
0.160036
0.529605
0.400254
0.177608
0.198182
0.177673
0.558694
0.322066
0.111046
0.004939
0.499894
0.452187
0.330091
0.106965
0.135054
0.103000
0.600876
0.267144
0.106192
0.163744
0.281660
0.310990
0.309984
0.183206
0.287177
0.198918
0.352532
0.428613
0.222036
0.360179
0.023130
0.325738
0.064243
0.226302
0.351389
0.295753
0.153995
0.204408
0.102562
0.172597
0.330518
0.448444
0.420239
0.400938
0.085893
0.358929
0.119698
0.117841
0.294696
0.181892
0.156016
0.437527
0.370723
0.335638
0.223770
0.312609
0.488789
0.209978
0.204833
0.487542
0.533639
0.334628
0.191328
0.513254
0.110911
0.036635
0.166815
0.098482
0.136666
0.094174
0.117344
0.395240
0.328317
0.562165
0.316409
0.368488
0.191338
0.217800
0.281551
0.161266
0.195233
0.152989
0.459492
0.548816
0.135393
0.107034
0.186210
0.394110
0.128810
0.349264
0.158894
0.306694
0.083665
0.115510
0.285008
0.299835
0.112619
0.338114
0.335932
0.249466
0.185524
0.237605
0.143591
0.097086
0.435095
0.265524
0.458047
0.248506
0.246976
0.217620
0.170978
0.431162
0.531068
0.336327
0.300320
0.182827
0.766458
0.328252
0.281907
0.107223
0.402188
0.236588
0.102849
0.104491
0.641381
0.114628
0.483257
0.015951
0.873769
0.265922
0.136428
0.311062
0.643805
0.076566
0.237705
0.381908
0.160322
0.433305
0.395276
0.523977
0.343635
0.292982
0.125185
0.187752
0.188581
0.184430
0.105580
0.123422
0.545506
0.101792
0.132715
0.048927
0.233519
0.176499
0.162084
0.225364
0.206094
0.385756
0.188304
0.123043
0.261279
0.170000
0.550096
0.373780
0.264882
0.338561
0.145832
0.133698
0.118609
0.258664
0.543349
0.198196
0.392658
0.363693
0.166489
0.281224
0.095749
0.474685
0.101657
0.255649
0.348850
0.393015
0.455282
0.214427
0.565190
0.116900
0.654189
0.588878
0.449444
0.187331
0.526945
0.322117
0.106683
0.195687
0.334221
0.283099
0.301600
0.068192
0.058121
0.212395
0.291395
0.205493
0.196167
0.223436
0.268541
0.558317
0.094321
0.135529
0.048831
0.128530
0.048930
0.253195
0.125153
0.237121
0.105852
0.243638
0.305152
0.228576
0.215299
0.448047
0.343708
0.261075
0.096815
0.475489
0.401589
0.300944
0.600931
0.356320
0.354225
0.215517
0.067701
0.520805
0.304031
0.061514
0.155894
0.186422
0.342145
0.081178
0.309569
0.313087
0.402897
0.408991
0.082747
0.396541
0.197714
0.345752
0.406135
0.119813
0.310923
0.169639
0.241993
0.297434
0.336189
0.466852
0.452213
0.546399
0.737097
0.392089
0.306693
0.212442
0.129807
0.240902
0.123658
0.295399
0.127018
0.462445
0.244330
0.095437
0.550074
0.376049
0.022760
0.399516
0.291031
0.171554
0.303501
0.149606
0.268268
0.417680
0.107967
0.121829
0.144688
0.474272
0.384287
0.219390
0.222332
0.148164
0.371153
0.476179
0.241951
0.518467
0.065110
0.590803
0.192517
0.134777
0.574290
0.145523
0.639843
0.403136
0.265532
0.410366
0.713848
0.054474
0.163313
0.146895
0.420728
0.338644
0.637261
0.304760
0.424217
0.053840
0.190646
0.255361
0.130001
0.256036
0.116706
0.221952
0.348269
0.593804
0.161343
0.289269
0.081759
0.354610
0.228898
0.388294
0.234475
0.407158
0.267109
0.172712
0.164126
0.387705
0.462704
0.330027
0.326169
0.060863
0.303482
0.185316
0.224255
0.251370
0.273179
0.479616
0.268882
0.168500
0.230083
0.163618
0.057510
0.188110
0.035147
0.198716
0.385410
0.035280
0.348482
0.278732
0.084253
0.426849
0.319000
0.375115
0.069646
0.392573
0.524509
0.049934
0.323605
0.416363
0.093253
0.249437
0.080078
0.453820
0.480390
0.139365
0.057381
0.411974
0.365416
0.314457
0.273087
0.246315
0.198603
0.287026
0.196713
0.332730
0.120868
0.172071
0.267655
0.385575
0.273971
0.309915
0.096269
0.457150
0.395482
0.216108
0.339466
0.104507
0.214725
0.303866
0.233289
0.270519
0.295840
0.085931
0.089061
0.256536
0.219018
0.226525
0.539740
0.238035
0.322643
0.340854
0.122008
0.125881
0.327755
0.306994
0.265728
0.260963
0.051832
0.093635
0.342431
0.679768
0.136137
0.310110
0.460433
0.476088
0.056179
0.309056
0.031421
0.630988
0.288498
0.442921
0.777660
0.457210
0.319762
0.277434
0.443964
0.241731
0.251834
0.383026
0.321319
0.119207
0.493509
0.200209
0.521563
0.270850
0.253098
0.227636
0.420750
0.278300
0.348425
0.066292
0.138126
0.357327
0.418865
0.172387
0.290357
0.227241
0.395086
0.161851
0.194502
0.098423
0.456179
0.404744
0.515308
0.224186
0.489293
0.114524
0.083872
0.229625
0.471868
0.524230
0.086063
0.087589
0.105230
0.076988
0.593311
0.292121
0.320191
0.211873
0.226342
0.262146
0.378607
0.124380
0.159544
0.365383
0.378299
0.284827
0.160109
0.103258
0.176898
0.280090
0.252258
0.219186
0.705099
0.260505
0.491055
0.425771
0.218105
0.035895
0.379150
0.274363
0.476797
0.207790
0.559254
0.420765
0.354673
0.426708
0.128012
0.690262
0.012286
0.165058
0.167691
0.326904
0.193668
0.270328
0.297367
0.409042
0.245308
0.265728
0.247687
0.173263
0.077047
0.494035
0.161136
0.295918
0.043309
0.333428
0.240092
0.337097
0.417434
0.167852
0.208398
0.235287
0.319738
0.056913
0.215899
0.056906
0.417482
0.231586
0.739094
0.112542
0.327766
0.079059
0.119668
0.202983
0.355654
0.254849
0.252239
0.537042
0.628813
0.291164
0.558430
0.316140
0.147319
0.028420
0.206373
0.066114
0.098733
0.386826
0.357613
0.242656
0.364814
0.527217
0.373003
0.287935
0.128213
0.314348
0.294332
0.597316
0.006282
0.054287
0.201071
0.579247
0.131768
0.082233
0.337897
0.125113
0.122110
0.071090
0.366296
0.488865
0.400224
0.059634
0.462248
0.269316
0.433309
0.140222
0.242431
0.282889
0.175485
0.225162
0.009187
0.094126
0.357519
0.058306
0.358851
0.159030
0.298151
0.254828
0.170165
0.270084
0.703782
0.515818
0.177888
0.270456
0.131061
0.128600
0.172069
0.137704
0.070172
0.205787
0.250589
0.051563
0.644653
0.369881
0.565241
0.139938
0.468078
0.509943
0.630730
0.135726
0.126025
0.076173
0.032742
0.192447
0.430080
0.356443
0.353035
0.355328
0.304755
0.198299
0.165626
0.020961
0.264815
0.370634
0.149085
0.479896
0.526935
0.145474
0.253885
0.101750
0.255730
0.663475
0.391529
0.150005
0.256048
0.293351
0.331511
0.332929
0.616055
0.392688
0.426530
0.110083
0.403972
0.573693
0.134817
0.274810
0.247232
0.362143
0.520770
0.091080
0.191932
0.240965
0.646909
0.324273
0.563477
0.604142
0.314652
0.085719
0.351084
0.226523
0.552990
0.186469
0.012903
0.384655
0.232176
0.507493
0.586088
0.398282
0.092970
0.294338
0.203817
0.245413
0.222272
0.272884
0.361480
0.249293
0.216775
0.424854
0.241134
0.181472
0.221233
0.330877
0.442802
0.215899
0.054573
0.217107
0.601877
0.511464
0.450325
0.501963
0.172185
0.167714
0.069318
0.247864
0.110854
0.133019
0.375880
0.130251
0.353459
0.506665
0.332678
0.120994
0.128139
0.336174
0.203570
0.027649
0.423013
0.349282
0.567928
0.012135
0.540334
0.374185
0.292275
0.169537
0.226952
0.328659
0.111124
0.203518
0.435696
0.060998
0.143165
0.433899
0.218594
0.518113
0.385000
0.236843
0.370902
0.378734
0.225319
0.162430
0.069718
0.216551
0.077511
0.195257
0.359738
0.245585
0.405388
0.032580
0.409872
0.134079
0.099409
0.152355
0.338156
0.393984
0.131012
0.256056
0.366151
0.200192
0.191927
0.413519
0.639256
0.295299
0.079684
0.238103
0.736436
0.380089
0.541250
0.407957
0.393630
0.177371
0.083479
0.208817
0.380625
0.159011
0.649554
0.331049
0.118448
0.302215
0.578794
0.166612
0.399915
0.685329
0.424704
0.299623
0.236950
0.400659
0.331302
0.412910
0.289607
0.470520
0.143432
0.380242
0.101752
0.209662
0.431443
0.436743
0.161194
0.443424
0.444159
0.047287
0.201859
0.104751
0.324119
0.156683
0.195133
0.262038
0.139642
0.307641
0.459788
0.304655
0.402934
0.009557
0.241489
0.344544
0.425211
0.094980
0.415971
0.474087
0.090267
0.277524
0.171303
0.253683
0.436410
0.079705
0.132328
0.422870
0.192426
0.376211
0.122839
0.181276
0.164525
0.343859
0.330745
0.201692
0.403476
0.204699
0.312593
0.038649
0.379720
0.788797
0.287861
0.123269
0.645926
0.223255
0.380201
0.017013
0.274205
0.257552
0.227833
0.110272
0.215418
0.075527
0.440687
0.387591
0.061983
0.215846
0.668377
0.093830
0.144919
0.161447
0.348145
0.051808
0.129392
0.239291
0.175524
0.056699
0.225153
0.414578
0.243265
0.381885
0.205794
0.349381
0.196937
0.199799
0.072500
0.367864
0.458415
0.502916
0.326324
0.325614
0.365361
0.268922
0.141248
0.369644
0.235609
0.155318
0.018965
0.303462
0.175148
0.174548
0.284140
0.142352
0.379522
0.402018
0.217572
0.586803
0.344038
0.415715
0.217296
0.086694
0.573465
0.280171
0.373138
0.272881
0.166667
0.145705
0.144725
0.070841
0.298117
0.151348
0.214101
0.279731
0.248476
0.060994
0.119781
0.279208
0.110046
0.065197
0.099751
0.407146
0.195027
0.183076
0.218310
0.334369
0.125712
0.282826
0.193712
0.611834
0.319131
0.119903
0.307641
0.540701
0.344130
0.041056
0.068947
0.096587
0.273909
0.210462
0.201794
0.345398
0.729324
0.504434
0.035422
0.052526
0.198133
0.147495
0.471707
0.242955
0.495068
0.134484
0.191772
0.080509
0.371836
0.394844
0.262293
0.237521
0.233954
0.188920
0.332526
0.663908
0.129139
0.277039
0.317313
0.349148
0.133787
0.695905
0.107417
0.440316
0.009212
0.625670
0.475885
0.058592
0.143121
0.657987
0.115917
0.286618
0.150961
0.361387
0.319633
0.163110
0.144306
0.196075
0.227440
0.111434
0.235124
0.119864
0.403933
0.325252
0.616800
0.164852
0.159575
0.130897
0.422028
0.247661
0.099115
0.366014
0.127676
0.425008
0.693262
0.131556
0.540539
0.090365
0.164449
0.415671
0.565559
0.346075
0.319823
0.240829
0.451331
0.435693
0.442512
0.148836
0.181658
0.111455
0.435002
0.259514
0.320044
0.109914
0.320210
0.114021
0.292713
0.293341
0.046297
0.326569
0.491494
0.071466
0.628788
0.097291
0.119624
0.252931
0.453389
0.092940
0.191241
0.106458
0.144379
0.355557
0.153926
0.508420
0.359277
0.189003
0.093647
0.307109
0.278645
0.139311
0.736940
0.091297
0.218594
0.258057
0.357391
0.106253
0.596203
0.614167
0.321382
0.362953
0.136547
0.173255
0.393251
0.692638
0.392647
0.334851
0.501001
0.267294
0.355173
0.482106
0.240236
0.363500
0.330975
0.174192
0.156683
0.436311
0.318259
0.270453
0.525662
0.140378
0.145700
0.535501
0.383796
0.034122
0.278358
0.229283
0.137494
0.239131
0.392484
0.111600
0.372066
0.528400
0.048149
0.198770
0.338279
0.165289
0.127944
0.486736
0.384274
0.096753
0.218836
0.272620
0.297633
0.621201
0.250289
0.524883
0.589928
0.374882
0.326610
0.419488
0.303202
0.172412
0.275489
0.279768
0.125836
0.163173
0.191634
0.129539
0.242240
0.324332
0.476240
0.320260
0.240335
0.195364
0.257782
0.406626
0.241920
0.426639
0.265100
0.636392
0.180318
0.299489
0.153049
0.453587
0.427302
0.063196
0.265625
0.075182
0.129885
0.206575
0.482731
0.222574
0.326516
0.332070
0.130079
0.288058
0.202103
0.459041
0.369636
0.055899
0.188310
0.256092
0.245883
0.054783
0.101758
0.284127
0.402344
0.407151
0.417539
0.439247
0.249780
0.101135
0.425307
0.269914
0.360325
0.068318
0.201268
0.299438
0.306288
0.222666
0.423770
0.240381
0.462482
0.521660
0.729356
0.025324
0.254158
0.434213
0.081742
0.023512
0.335494
0.320132
0.204249
0.369357
0.628388
0.448859
0.172456
0.183304
0.441650
0.257484
0.662122
0.373518
0.380394
0.360454
0.229046
0.222385
0.224577
0.398408
0.031449
0.564206
0.026594
0.163199
0.431178
0.495725
0.194122
0.125075
0.274289
0.375345
0.272212
0.065630
0.453735
0.159293
0.478063
0.224996
0.265454
0.452998
0.314391
0.052334
0.363637
0.320533
0.118472
0.506918
0.283924
0.321000
0.134055
0.088651
0.151190
0.575639
0.464245
0.228955
0.107013
0.390843
0.369022
0.283209
0.546434
0.324663
0.366419
0.058993
0.013551
0.046765
0.253504
0.116282
0.123209
0.338414
0.190271
0.248902
0.231506
0.200952
0.545305
0.264747
0.526307
0.426836
0.346061
0.216202
0.237737
0.051885
0.125998
0.110453
0.290960
0.405933
0.435492
0.368435
0.129409
0.452931
0.309835
0.168036
0.173836
0.188842
0.547280
0.282086
0.163317
0.209607
0.142855
0.064404
0.277759
0.009586
0.466561
0.082585
0.360904
0.286787
0.387118
0.703681
0.660078
0.231523
0.381251
0.443424
0.529891
0.306441
0.406526
0.395685
0.221063
0.411494
0.662235
0.479048
0.187084
0.151006
0.225678
0.231636
0.255614
0.285825
0.687998
0.132927
0.253050
0.184662
0.319440
0.226551
0.470636
0.359969
0.697914
0.166989
0.483480
0.452997
0.330711
0.395568
0.369953
0.262908
0.292387
0.009284
0.273347
0.189457
0.051747
0.391815
0.240765
0.361239
0.272280
0.171675
0.181699
0.443931
0.705062
0.099938
0.128347
0.227825
0.119548
0.080444
0.395460
0.483013
0.136876
0.142292
0.100222
0.351652
0.301727
0.309976
0.573657
0.186743
0.222244
0.178960
0.112701
0.183447
0.240795
0.145599
0.361873
0.153785
0.053327
0.293378
0.253782
0.360722
0.330962
0.298073
0.082353
0.425539
0.163167
0.735589
0.189307
0.053301
0.099735
0.133312
0.483307
0.700444
0.109213
0.312251
0.339770
0.192102
0.178333
0.517162
0.184712
0.322779
0.220055
0.075573
0.084971
0.117976
0.292970
0.160036
0.438081
0.636416
0.024691
0.346677
0.488851
0.434188
0.174966
0.230483
0.396946
0.170617
0.246300
0.329783
0.262239
0.419528
0.499370
0.548451
0.128573
0.342539
0.107579
0.380020
0.272773
0.333749
0.317838
0.223754
0.108116
0.075679
0.226255
0.296176
0.553600
0.140042
0.047452
0.780579
0.063345
0.398255
0.524473
0.289345
0.336792
0.402232
0.252588
0.368949
0.418299
0.694627
0.213348
0.074481
0.319580
0.045226
0.318116
0.124841
0.147693
0.640831
0.232231
0.357538
0.535033
0.026954
0.193406
0.202905
0.195476
0.370166
0.429858
0.219996
0.176259
0.484469
0.128575
0.083117
0.185304
0.378785
0.299040
0.483243
0.527347
0.291915
0.501551
0.110745
0.081611
0.367381
0.072451
0.089961
0.240468
0.326811
0.279885
0.702829
0.064003
0.451301
0.250784
0.653645
0.532940
0.266936
0.179625
0.306824
0.574787
0.241456
0.509133
0.333899
0.340508
0.549329
0.170260
0.272752
0.442756
0.096291
0.184993
0.123516
0.359562
0.406250
0.336388
0.338733
0.330826
0.079767
0.088927
0.428705
0.215623
0.435726
0.199276
0.050184
0.066305
0.440149
0.013959
0.301731
0.170658
0.479329
0.156503
0.354493
0.414901
0.353917
0.666537
0.417685
0.316474
0.184435
0.299618
0.260048
0.682843
0.256759
0.628099
0.899043
0.147322
0.108772
0.211943
0.184998
0.272089
0.155563
0.368040
0.167900
0.268123
0.038155
0.305701
0.368942
0.368896
0.588015
0.201098
0.195871
0.518359
0.355805
0.063264
0.264310
0.182849
0.284780
0.301702
0.223644
0.227222
0.091548
0.296415
0.305950
0.330779
0.419652
0.314559
0.105859
0.321477
0.353190
0.210188
0.457154
0.604226
0.376375
0.270553
0.443845
0.355881
0.108593
0.195268
0.020518
0.218180
0.237177
0.253713
0.130489
0.120057
0.208249
0.125659
0.619200
0.191976
0.277133
0.264836
0.201799
0.268451
0.192582
0.287593
0.454177
0.410663
0.509967
0.053190
0.430419
0.154863
0.371611
0.245418
0.575403
0.091809
0.496985
0.357451
0.430613
0.345274
0.314120
0.776391
0.147779
0.382451
0.273255
0.475509
0.540306
0.330907
0.097862
0.099428
0.178808
0.822683
0.597962
0.236160
0.524832
0.479217
0.094896
0.169580
0.272263
0.588483
0.199345
0.239805
0.126527
0.277731
0.333177
0.545032
0.261026
0.069327
0.206396
0.321621
0.335624
0.239829
0.257410
0.164225
0.219161
0.590812
0.409999
0.574528
0.325358
0.208510
0.180788
0.359506
0.345705
0.122203
0.568135
0.204821
0.302794
0.299414
0.340356
0.170727
0.372603
0.076194
0.313532
0.105989
0.036204
0.353818
0.347783
0.027659
0.566017
0.426959
0.378018
0.080257
0.043520
0.134977
0.064006
0.534001
0.133366
0.302644
0.288155
0.153955
0.056252
0.239125
0.142525
0.164310
0.194373
0.191690
0.172170
0.284933
0.243837
0.166648
0.240950
0.169385
0.083579
0.147865
0.031172
0.069933
0.373720
0.315320
0.280714
0.047545
0.008388
0.342160
0.266163
0.300883
0.168974
0.251470
0.577144
0.239085
0.077123
0.259402
0.345179
0.128059
0.079755
0.318983
0.474151
0.251791
0.316053
0.199242
0.393016
0.232241
0.127596
0.336832
0.045524
0.057029
0.248589
0.163930
0.476242
0.115392
0.148272
0.191394
0.670022
0.343293
0.111255
0.333227
0.199734
0.253417
0.487822
0.138776
0.206426
0.459761
0.210139
0.139530
0.170189
0.312868
0.309570
0.198251
0.468590
0.200457
0.227824
0.308820
0.223642
0.275548
0.324965
0.684951
0.204302
0.401068
0.357245
0.132707
0.135041
0.069096
0.441428
0.202053
0.276489
0.268957
0.389951
0.515581
0.166196
0.211079
0.431207
0.264188
0.173332
0.029220
0.174468
0.131975
0.579540
0.244427
0.194798
0.304404
0.200056
0.121600
0.343625
0.650140
0.045545
0.252902
0.494021
0.392688
0.467187
0.348193
0.323793
0.257215
0.201653
0.459381
0.081296
0.253490
0.255548
0.231704
0.624345
0.031245
0.431083
0.425183
0.049528
0.195609
0.615129
0.368416
0.782584
0.065232
0.514154
0.186763
0.424682
0.082470
0.362271
0.190863
0.218665
0.235239
0.089355
0.426225
0.564325
0.502244
0.075261
0.330674
0.255898
0.321820
0.112491
0.172374
0.144940
0.094451
0.158083
0.058340
0.133051
0.086110
0.088686
0.356691
0.324854
0.040152
0.321450
0.200509
0.460674
0.328078
0.322564
0.068305
0.320946
0.136932
0.075712
0.338084
0.140092
0.384001
0.592957
0.120677
0.150492
0.727335
0.545636
0.674919
0.631563
0.723958
0.236217
0.174114
0.501839
0.124941
0.281737
0.479261
0.429721
0.181980
0.418950
0.478374
0.010255
0.037974
0.236905
0.071228
0.156283
0.472161
0.219639
0.320111
0.202486
0.430557
0.454960
0.528062
0.200799
0.487812
0.189401
0.267070
0.248736
0.244190
0.217201
0.309870
0.403224
0.535088
0.037162
0.295446
0.481800
0.332944
0.416528
0.261592
0.323221
0.615380
0.220197
0.330020
0.105734
0.220956
0.092862
0.221429
0.193223
0.321663
0.192210
0.312002
0.261340
0.435429
0.213696
0.275985
0.492457
0.334059
0.064635
0.204417
0.436926
0.406831
0.454520
0.172951
0.533586
0.231705
0.339995
0.471487
0.372463
0.195690
0.173428
0.076100
0.308959
0.103744
0.114999
0.559469
0.200719
0.228788
0.053144
0.204818
0.241039
0.390113
0.295227
0.210794
0.348824
0.348582
0.023423
0.349757
0.437975
0.163485
0.549733
0.592980
0.262310
0.149758
0.327691
0.273117
0.158043
0.491880
0.110587
0.061300
0.234212
0.189236
0.150650
0.149863
0.472337
0.396660
0.121651
0.078151
0.285231
0.091527
0.344620
0.094091
0.062781
0.447803
0.552126
0.301584
0.449479
0.284099
0.242991
0.213991
0.188107
0.133600
0.467982
0.453031
0.261149
0.665043
0.257654
0.423198
0.198823
0.533198
0.143955
0.211359
0.077854
0.089479
0.237209
0.240546
0.248005
0.288478
0.467325
0.550645
0.645877
0.474441
0.061965
0.291434
0.558951
0.391251
0.706881
0.708335
0.485322
0.404886
0.303935
0.360887
0.297311
0.140805
0.087433
0.294862
0.061616
0.243106
0.306387
0.057228
0.587502
0.322555
0.427172
0.357547
0.237259
0.209190
0.168429
0.575554
0.298517
0.195524
0.253542
0.160289
0.203750
0.549431
0.248755
0.075954
0.365413
0.231411
0.232595
0.237353
0.149697
0.492586
0.276127
0.298872
0.138856
0.051167
0.307947
0.131701
0.418227
0.520255
0.167321
0.247974
0.062217
0.213951
0.254974
0.478526
0.684927
0.151226
0.282549
0.186880
0.304889
0.550124
0.208245
0.317278
0.498345
0.049386
0.333687
0.536181
0.112903
0.214987
0.394341
0.198507
0.247723
0.290977
0.057922
0.413332
0.092119
0.299645
0.567527
0.106638
0.231577
0.071144
0.379769
0.462009
0.115548
0.311732
0.381849
0.043309
0.176659
0.396481
0.626868
0.443692
0.388956
0.307947
0.290439
0.124105
0.161648
0.236008
0.224076
0.321322
0.048996
0.353897
0.353039
0.095129
0.537844
0.427222
0.228080
0.258112
0.080709
0.174901
0.125900
0.267489
0.298550
0.441097
0.148047
0.578922
0.151158
0.155463
0.362736
0.425534
0.565624
0.442876
0.211449
0.040165
0.129549
0.329647
0.380265
0.024190
0.248329
0.297658
0.356319
0.268609
0.207779
0.007690
0.474236
0.387974
0.304029
0.233356
0.425201
0.088423
0.193257
0.101180
0.200898
0.173089
0.419881
0.334317
0.280694
0.278912
0.354541
0.178728
0.271166
0.252963
0.228743
0.425209
0.119413
0.157001
0.371699
0.097338
0.238846
0.382066
0.335167
0.323293
0.442528
0.189296
0.067465
0.169438
0.174510
0.164273
0.264021
0.512192
0.251521
0.356546
0.402954
0.052730
0.158205
0.095503
0.309467
0.408015
0.305477
0.101545
0.347228
0.119878
0.307078
0.448344
0.174529
0.394730
0.351894
0.389654
0.315838
0.187158
0.505525
0.290801
0.104497
0.178672
0.295654
0.191952
0.190671
0.276867
0.264720
0.561679
0.244826
0.436912
0.308083
0.118094
0.072745
0.376379
0.464424
0.374539
0.646517
0.533804
0.050365
0.291363
0.326287
0.157777
0.083797
0.410236
0.122632
0.272488
0.408036
0.049617
0.321905
0.298338
0.368032
0.167379
0.267786
0.344634
0.301276
0.421172
0.294297
0.759518
0.195159
0.391674
0.319900
0.228687
0.381212
0.292740
0.282901
0.576948
0.309275
0.301874
0.152776
0.479289
0.340615
0.363957
0.579741
0.321650
0.328826
0.466147
0.207741
0.363079
0.149856
0.143434
0.218338
0.129181
0.491192
0.517823
0.311382
0.165742
0.688485
0.473642
0.289370
0.126283
0.347470
0.287522
0.444486
0.608281
0.451105
0.298359
0.304101
0.623960
0.249974
0.272021
0.104043
0.360116
0.363578
0.214368
0.153814
0.404318
0.591939
0.411060
0.499013
0.381077
0.388800
0.079117
0.214172
0.155294
0.248687
0.183863
0.145980
0.356822
0.303718
0.546392
0.279106
0.401333
0.326816
0.262011
0.158768
0.161132
0.234071
0.507349
0.361091
0.150387
0.134032
0.425204
0.580595
0.025425
0.722574
0.121958
0.263538
0.491191
0.266078
0.229010
0.357572
0.149408
0.436541
0.007789
0.232305
0.252058
0.700795
0.033384
0.311144
0.609533
0.277850
0.517028
0.363885
0.073360
0.201686
0.061767
0.133642
0.480247
0.172407
0.490322
0.185224
0.063432
0.147630
0.250813
0.142868
0.131431
0.121223
0.599977
0.352909
0.087523
0.221921
0.428459
0.356480
0.406234
0.655244
0.446547
0.441747
0.323289
0.206749
0.140379
0.316547
0.218109
0.291738
0.301853
0.549123
0.265976
0.080181
0.107266
0.500392
0.403049
0.276130
0.211101
0.465082
0.171581
0.126316
0.195489
0.266699
0.100264
0.168083
0.411032
0.422854
0.299424
0.219623
0.650763
0.345734
0.523056
0.196077
0.265131
0.131926
0.224232
0.441710
0.502438
0.086287
0.140224
0.255613
0.334494
0.437902
0.564383
0.303548
0.444767
0.661180
0.072049
0.573889
0.162494
0.116824
0.324979
0.070420
0.382951
0.487202
0.319803
0.395008
0.258444
0.423435
0.327054
0.067409
0.559041
0.465846
0.217144
0.104232
0.081348
0.504880
0.175076
0.229037
0.405238
0.375095
0.380046
0.438184
0.616188
0.250004
0.202280
0.012421
0.161838
0.437511
0.503273
0.172328
0.243301
0.094781
0.137244
0.144377
0.307828
0.200171
0.063410
0.190480
0.429965
0.116489
0.169416
0.217619
0.184356
0.412672
0.147980
0.707904
0.333763
0.383717
0.331450
0.551314
0.201648
0.158314
0.290808
0.279679
0.143462
0.272015
0.622808
0.033111
0.288708
0.430990
0.230962
0.427274
0.210363
0.229496
0.485748
0.140805
0.323534
0.197048
0.039642
0.271292
0.222415
0.349936
0.440210
0.186415
0.298596
0.126893
0.539542
0.772172
0.239705
0.280616
0.121196
0.483548
0.349634
0.113231
0.122892
0.317218
0.177872
0.252553
0.155708
0.314299
0.456859
0.619871
0.316366
0.587816
0.152123
0.297088
0.737088
0.228168
0.106803
0.103868
0.253368
0.586494
0.206250
0.469143
0.182227
0.301305
0.502776
0.396429
0.142906
0.220926
0.283138
0.042148
0.175784
0.238264
0.103518
0.294988
0.137896
0.207752
0.283404
0.109992
0.249758
0.315329
0.328523
0.341146
0.544890
0.627735
0.209214
0.214578
0.304764
0.279381
0.283056
0.046887
0.084295
0.094160
0.154852
0.289923
0.251175
0.324240
0.200606
0.022549
0.433699
0.322972
0.058806
0.312308
0.783642
0.267750
0.424840
0.213746
0.587952
0.232575
0.267287
0.196542
0.113497
0.335392
0.282882
0.379781
0.218451
0.474197
0.258643
0.537045
0.462824
0.485195
0.184760
0.085608
0.237589
0.219502
0.528862
0.369276
0.246655
0.073031
0.086060
0.418814
0.420568
0.358017
0.498705
0.298191
0.406313
0.414425
0.419347
0.478506
0.423251
0.374058
0.576116
0.303159
0.072024
0.201728
0.034045
0.339757
0.587857
0.311031
0.158232
0.320492
0.153597
0.513174
0.342959
0.268867
0.237382
0.423931
0.394245
0.032285
0.296864
0.251261
0.153822
0.636690
0.311150
0.099768
0.173668
0.204562
0.633054
0.059331
0.323280
0.239681
0.655727
0.500536
0.652237
0.448711
0.426349
0.523424
0.577623
0.217873
0.336096
0.136900
0.490741
0.290123
0.191997
0.239587
0.123459
0.094217
0.190868
0.247135
0.185350
0.623201
0.209766
0.351888
0.555038
0.162308
0.223300
0.171751
0.051952
0.185851
0.108860
0.157903
0.181001
0.235163
0.110973
0.413552
0.203062
0.279571
0.027939
0.576299
0.566866
0.228402
0.141106
0.171618
0.388113
0.079623
0.370413
0.172254
0.467660
0.267189
0.249627
0.252201
0.434855
0.263147
0.496529
0.078006
0.067418
0.136616
0.096632
0.186800
0.310892
0.084341
0.388722
0.279079
0.362940
0.305372
0.363534
0.244724
0.093548
0.530457
0.529970
0.730821
0.266865
0.602681
0.367908
0.367246
0.398305
0.263214
0.262505
0.118946
0.208068
0.585585
0.135466
0.116935
0.244102
0.145698
0.414209
0.250091
0.180783
0.078571
0.046471
0.132446
0.350191
0.522103
0.233751
0.062464
0.645868
0.177020
0.105526
0.161476
0.372295
0.367611
0.221896
0.018971
0.155286
0.149375
0.648899
0.250409
0.546017
0.442811
0.572182
0.415911
0.078767
0.368930
0.259310
0.365754
0.254257
0.449463
0.329167
0.517004
0.395108
0.744238
0.366597
0.333943
0.062918
0.276088
0.249713
0.272904
0.436592
0.627771
0.480444
0.529586
0.301410
0.539742
0.422350
0.083449
0.304002
0.274785
0.267545
0.387457
0.018133
0.011528
0.309346
0.156093
0.432840
0.173775
0.025999
0.617067
0.008187
0.254991
0.040571
0.325754
0.095263
0.057167
0.346881
0.204688
0.234774
0.076218
0.345153
0.428651
0.096058
0.323758
0.301697
0.350907
0.239558
0.268915
0.180375
0.118147
0.453813
0.237706
0.252808
0.228291
0.031148
0.213382
0.388810
0.259306
0.646956
0.118035
0.190021
0.391473
0.196754
0.367928
0.280063
0.338064
0.233250
0.155298
0.210086
0.159724
0.161729
0.539808
0.093396
0.217910
0.111495
0.333686
0.259802
0.267197
0.492811
0.476694
0.550276
0.428062
0.429660
0.409799
0.387264
0.120231
0.315964
0.163885
0.168029
0.160132
0.328063
0.382550
0.153525
0.333617
0.352866
0.278656
0.503565
0.285979
0.386567
0.365501
0.227278
0.269042
0.139963
0.292120
0.056477
0.050545
0.410287
0.242162
0.742659
0.248472
0.127574
0.562221
0.021949
0.143611
0.329216
0.583109
0.108885
0.267541
0.053752
0.326056
0.127860
0.157073
0.237726
0.284651
0.275759
0.244130
0.414567
0.337002
0.174127
0.233872
0.302369
0.107475
0.285472
0.152217
0.158652
0.311348
0.212898
0.079162
0.331951
0.203380
0.468166
0.485463
0.193253
0.166211
0.203376
0.406288
0.441822
0.220873
0.281299
0.424975
0.105703
0.406913
0.182139
0.434369
0.297118
0.361634
0.191655
0.159138
0.357997
0.543177
0.146096
0.259560
0.161860
0.079853
0.145343
0.310711
0.177690
0.115121
0.186715
0.420050
0.410190
0.201207
0.181010
0.440887
0.331971
0.691466
0.120707
0.221864
0.034150
0.012188
0.377667
0.471697
0.154686
0.179201
0.058266
0.643851
0.459674
0.180770
0.282286
0.124265
0.531793
0.186239
0.101002
0.135754
0.164498
0.297164
0.460862
0.214618
0.153768
0.060992
0.128145
0.353689
0.369930
0.140182
0.548960
0.167283
0.426382
0.053578
0.160423
0.061513
0.556200
0.289964
0.189907
0.025586
0.290268
0.451961
0.422582
0.227857
0.153244
0.130789
0.050433
0.377841
0.373638
0.351734
0.158983
0.232121
0.089292
0.389347
0.301128
0.249629
0.192464
0.281381
0.119164
0.135761
0.454305
0.382208
0.181247
0.453891
0.094139
0.615932
0.230507
0.384388
0.109660
0.081321
0.354392
0.575757
0.303928
0.382767
0.297851
0.235825
0.201396
0.352122
0.392527
0.425364
0.403606
0.075075
0.178444
0.011516
0.239370
0.429228
0.157435
0.147675
0.560114
0.169429
0.140057
0.322591
0.413499
0.415228
0.478840
0.357206
0.211189
0.207988
0.470138
0.232754
0.410155
0.400599
0.318079
0.048547
0.445104
0.198381
0.088234
0.321224
0.336590
0.224460
0.044193
0.361277
0.688888
0.178297
0.233948
0.230187
0.589615
0.084899
0.268922
0.258494
0.043014
0.394128
0.422093
0.297685
0.433720
0.286350
0.492354
0.261802
0.266876
0.601633
0.257870
0.367033
0.217210
0.381935
0.238436
0.232882
0.008688
0.308067
0.252431
0.232525
0.042513
0.380705
0.272206
0.237699
0.216391
0.416224
0.692437
0.188170
0.141837
0.161293
0.316245
0.433583
0.058795
0.064830
0.284880
0.218649
0.337516
0.365685
0.228273
0.418283
0.597105
0.135846
0.173118
0.422133
0.181052
0.294116
0.197191
0.069131
0.185296
0.063898
0.108605
0.077540
0.357262
0.146863
0.347987
0.294306
0.316675
0.372578
0.310499
0.212464
0.375091
0.078788
0.135944
0.043533
0.187835
0.310641
0.544067
0.043087
0.338711
0.288471
0.192743
0.119214
0.286744
0.141795
0.134597
0.124558
0.418897
0.447547
0.445542
0.286819
0.003273
0.514573
0.158611
0.364021
0.515634
0.246574
0.193175
0.067292
0.118388
0.377717
0.227146
0.067084
0.171747
0.313573
0.262964
0.542479
0.435165
0.213505
0.135121
0.286556
0.563676
0.225929
0.368033
0.243991
0.031745
0.464830
0.244362
0.375590
0.378546
0.043672
0.332036
0.140820
0.247235
0.152238
0.044844
0.302437
0.086004
0.087306
0.137336
0.234971
0.307145
0.290144
0.229039
0.157180
0.369193
0.229589
0.474700
0.105198
0.274550
0.133209
0.357928
0.118895
0.278904
0.338614
0.575114
0.451815
0.239692
0.476091
0.568190
0.315796
0.220881
0.151629
0.562879
0.377702
0.252861
0.169160
0.492061
0.224643
0.311522
0.213673
0.236125
0.363012
0.071164
0.314440
0.030929
0.441726
0.055173
0.241248
0.069225
0.363460
0.357601
0.464339
0.178949
0.580198
0.590435
0.136892
0.139767
0.035348
0.316010
0.518030
0.224313
0.327448
0.512282
0.413042
0.205259
0.298996
0.441493
0.089123
0.081195
0.190866
0.281046
0.251108
0.150892
0.111949
0.295198
0.225466
0.431198
0.122933
0.183819
0.280792
0.277975
0.775570
0.155516
0.448857
0.199857
0.238669
0.484488
0.259109
0.360437
0.760492
0.396852
0.119785
0.331279
0.030735
0.488768
0.459792
0.057651
0.150839
0.443546
0.655939
0.229529
0.445867
0.573699
0.444339
0.145169
0.118291
0.454536
0.175951
0.165033
0.407502
0.135931
0.209531
0.549884
0.133511
0.482338
0.575108
0.296202
0.151547
0.142357
0.028063
0.408119
0.149110
0.155754
0.117662
0.407734
0.264223
0.283158
0.130103
0.142165
0.402301
0.248307
0.534555
0.258742
0.311728
0.108517
0.140475
0.244735
0.322812
0.138523
0.513926
0.256379
0.252898
0.496003
0.583298
0.696838
0.758368
0.057281
0.341831
0.408288
0.135708
0.250241
0.113166
0.352478
0.156058
0.340797
0.309898
0.203613
0.284137
0.181723
0.081527
0.096298
0.264020
0.329726
0.375016
0.349126
0.487604
0.273153
0.546133
0.175970
0.196694
0.385643
0.203907
0.313433
0.160265
0.299228
0.766428
0.446423
0.251668
0.060300
0.152084
0.294607
0.819679
0.233218
0.332978
0.521070
0.300192
0.184684
0.087504
0.260990
0.153384
0.328910
0.148817
0.609736
0.334757
0.024628
0.136071
0.053867
0.332854
0.335238
0.326165
0.091319
0.179300
0.042171
0.172948
0.447336
0.404278
0.500451
0.267580
0.503097
0.104422
0.189620
0.436447
0.211962
0.320763
0.374445
0.437512
0.676145
0.235663
0.334294
0.302509
0.453081
0.441017
0.490879
0.259120
0.478833
0.153484
0.062798
0.549933
0.242740
0.370957
0.273479
0.469187
0.245533
0.320556
0.140242
0.275258
0.442222
0.169571
0.281360
0.692502
0.100076
0.235980
0.044153
0.414466
0.205012
0.271020
0.350744
0.176290
0.403651
0.420496
0.195386
0.124867
0.461310
0.326416
0.113739
0.555408
0.858555
0.148377
0.603459
0.374519
0.689923
0.132791
0.072680
0.407406
0.299646
0.317573
0.452728
0.255648
0.051866
0.153857
0.185839
0.580604
0.162804
0.377300
0.514816
0.243166
0.333651
0.213449
0.305070
0.194954
0.312324
0.547580
0.153768
0.366476
0.270774
0.394043
0.288479
0.250554
0.222997
0.452282
0.271044
0.211822
0.242384
0.254063
0.218525
0.305107
0.623014
0.090492
0.561115
0.077090
0.687570
0.558425
0.436711
0.483720
0.167967
0.395324
0.222008
0.253891
0.206032
0.558121
0.104841
0.471866
0.254534
0.381102
0.571933
0.141348
0.107390
0.436013
0.316419
0.707574
0.163646
0.013975
0.355403
0.145940
0.277956
0.090389
0.255269
0.317809
0.137562
0.094632
0.133235
0.403149
0.144427
0.377848
0.219486
0.294040
0.234796
0.137318
0.046095
0.288727
0.047816
0.119471
0.061475
0.075219
0.480921
0.513900
0.136601
0.136162
0.257024
0.377742
0.365835
0.552246
0.558674
0.086768
0.166925
0.413510
0.422896
0.257396
0.188740
0.510991
0.249871
0.301279
0.261111
0.204291
0.170264
0.235297
0.052854
0.346386
0.148426
0.161937
0.432508
0.324823
0.251003
0.346488
0.292011
0.303451
0.131277
0.029083
0.157772
0.320547
0.227627
0.600996
0.181864
0.050612
0.699006
0.177779
0.415201
0.153383
0.207512
0.397554
0.182104
0.143190
0.092088
0.086912
0.264201
0.028220
0.581010
0.209929
0.140995
0.459683
0.460001
0.304531
0.101573
0.519963
0.177081
0.252424
0.256041
0.387518
0.083960
0.333703
0.337283
0.378475
0.396056
0.099972
0.081443
0.233210
0.124271
0.057472
0.613014
0.498057
0.301690
0.197869
0.730188
0.064779
0.167032
0.276479
0.422834
0.393206
0.378695
0.174498
0.359469
0.428623
0.147048
0.296702
0.049195
0.281747
0.176280
0.111372
0.158093
0.344774
0.167578
0.077207
0.619205
0.467585
0.309048
0.134773
0.425191
0.317930
0.363085
0.367137
0.182192
0.775806
0.115432
0.546911
0.110369
0.141269
0.450154
0.141945
0.193135
0.226291
0.616964
0.182627
0.165011
0.183896
0.244672
0.309613
0.314378
0.152138
0.258847
0.223202
0.296805
0.308548
0.068542
0.215220
0.335240
0.248542
0.354612
0.416319
0.321874
0.323707
0.418490
0.486157
0.230337
0.194450
0.312402
0.145709
0.597631
0.089756
0.646261
0.317574
0.181186
0.287310
0.330229
0.271682
0.317349
0.487033
0.442344
0.406930
0.425343
0.197804
0.153561
0.253831
0.664278
0.225382
0.350031
0.578118
0.388100
0.074082
0.424655
0.171424
0.516530
0.435257
0.355227
0.533092
0.410890
0.185502
0.244339
0.712302
0.540100
0.285731
0.193372
0.547544
0.178091
0.330119
0.325212
0.108322
0.065891
0.367444
0.041467
0.274043
0.155788
0.158207
0.437257
0.417471
0.123868
0.276220
0.346847
0.242937
0.166235
0.202846
0.399196
0.184893
0.177794
0.227956
0.263395
0.397868
0.397589
0.116128
0.021954
0.067706
0.289444
0.384101
0.450907
0.096850
0.227161
0.682662
0.437089
0.228787
0.480167
0.463183
0.355878
0.374008
0.220994
0.108250
0.120672
0.565490
0.325794
0.025026
0.391387
0.438045
0.417937
0.260586
0.041444
0.113417
0.100863
0.238383
0.248513
0.255443
0.479592
0.101023
0.129395
0.341702
0.148694
0.089347
0.292220
0.151525
0.151295
0.340875
0.539416
0.057411
0.330677
0.220757
0.307354
0.294596
0.076528
0.192285
0.296893
0.237061
0.366776
0.218716
0.339778
0.402823
0.099419
0.418403
0.199714
0.465062
0.276726
0.478285
0.586173
0.355924
0.271250
0.212379
0.162311
0.401603
0.210820
0.627317
0.283875
0.191430
0.490832
0.118336
0.372447
0.256991
0.268988
0.455812
0.286288
0.337882
0.348739
0.627100
0.068712
0.424254
0.423839
0.151894
0.143913
0.216517
0.099633
0.378087
0.214627
0.133796
0.392757
0.137325
0.057789
0.335410
0.144920
0.233789
0.188944
0.414062
0.104740
0.442941
0.181899
0.241020
0.331021
0.251614
0.060818
0.123987
0.306698
0.172593
0.473059
0.296532
0.367788
0.148198
0.295723
0.233655
0.216398
0.085538
0.238034
0.094849
0.212415
0.453140
0.448330
0.255769
0.416397
0.143900
0.199713
0.723165
0.282744
0.286842
0.328276
0.612758
0.512726
0.226066
0.293494
0.107705
0.386028
0.316337
0.257654
0.423473
0.413819
0.108743
0.114211
0.238749
0.352633
0.289353
0.168172
0.312040
0.394221
0.351051
0.317040
0.257269
0.303480
0.324812
0.454326
0.137782
0.504381
0.269575
0.222134
0.345987
0.318807
0.261715
0.448787
0.130784
0.156833
0.062069
0.144377
0.524891
0.237494
0.284748
0.146991
0.151470
0.290779
0.564559
0.290084
0.068133
0.346187
0.245522
0.115670
0.578713
0.142579
0.337599
0.224537
0.115782
0.234407
0.296029
0.402970
0.173571
0.537386
0.104031
0.256325
0.351487
0.052007
0.578398
0.137266
0.080166
0.204418
0.563644
0.348978
0.111564
0.112913
0.341479
0.214239
0.267795
0.057286
0.169791
0.609875
0.781486
0.421985
0.160849
0.095317
0.316534
0.382065
0.160283
0.149965
0.017975
0.117446
0.030385
0.164353
0.366772
0.144931
0.526036
0.046189
0.185115
0.185415
0.517839
0.126163
0.389622
0.334818
0.192515
0.439927
0.282430
0.151025
0.083116
0.266259
0.457022
0.042229
0.154296
0.313149
0.318262
0.157345
0.123636
0.095701
0.113341
0.187446
0.311049
0.267787
0.405348
0.204355
0.144987
0.176905
0.341855
0.135548
0.305660
0.483874
0.020246
0.334538
0.383408
0.659887
0.102756
0.072961
0.366564
0.129488
0.517538
0.268325
0.267468
0.482618
0.272842
0.421510
0.197142
0.024205
0.164206
0.103351
0.254197
0.250196
0.426428
0.217457
0.456561
0.256230
0.292198
0.279561
0.249978
0.239670
0.147105
0.535198
0.069026
0.036850
0.298037
0.028552
0.329693
0.132513
0.343419
0.286769
0.195411
0.491910
0.505086
0.293465
0.157405
0.258100
0.356374
0.236254
0.284593
0.107188
0.357994
0.097327
0.172916
0.287944
0.102498
0.336922
0.237845
0.091963
0.336962
0.136119
0.380503
0.244260
0.221076
0.263379
0.338954
0.012681
0.344872
0.066981
0.247613
0.405513
0.042292
0.300853
0.107392
0.226847
0.064346
0.599603
0.416033
0.166674
0.319281
0.564339
0.412423
0.243022
0.402554
0.229097
0.622005
0.398790
0.310896
0.326650
0.121729
0.603693
0.238568
0.335048
0.286994
0.267751
0.128838
0.406865
0.242602
0.334279
0.138259
0.315784
0.554908
0.518208
0.134565
0.222754
0.375835
0.428967
0.382795
0.266338
0.162119
0.125867
0.232367
0.272342
0.478305
0.265071
0.224651
0.107488
0.059145
0.454854
0.395886
0.153346
0.238587
0.104586
0.158603
0.570962
0.306398
0.317182
0.465013
0.217640
0.387256
0.235610
0.140731
0.181532
0.116244
0.444057
0.145461
0.436251
0.367308
0.303269
0.363656
0.348040
0.054780
0.227187
0.129026
0.634553
0.045065
0.200876
0.111299
0.371798
0.300906
0.061018
0.433665
0.096680
0.218368
0.353851
0.166753
0.174664
0.210403
0.318784
0.246843
0.348410
0.204079
0.389750
0.249442
0.067758
0.388611
0.336080
0.413439
0.155858
0.520619
0.570114
0.292800
0.149176
0.223443
0.025262
0.331878
0.229331
0.155784
0.316546
0.118109
0.080588
0.576689
0.385468
0.082644
0.233028
0.311404
0.500905
0.159933
0.471207
0.380431
0.425629
0.340267
0.617047
0.224782
0.154050
0.491866
0.219356
0.274362
0.331472
0.416474
0.222192
0.605373
0.334569
0.028975
0.261609
0.148060
0.496141
0.355515
0.224425
0.095966
0.183575
0.421253
0.378670
0.151621
0.296415
0.118573
0.311184
0.318668
0.134531
0.043384
0.378704
0.421493
0.038848
0.323125
0.380674
0.028226
0.215720
0.495983
0.320823
0.078710
0.138014
0.176613
0.067385
0.065084
0.233108
0.143520
0.253674
0.078791
0.458137
0.064875
0.120184
0.251836
0.091456
0.498274
0.087475
0.110686
0.448854
0.090154
0.265574
0.196623
0.289808
0.575184
0.223995
0.271947
0.067906
0.201142
0.268577
0.502613
0.251699
0.256914
0.163281
0.547444
0.300494
0.276317
0.154851
0.131912
0.222742
0.521541
0.108571
0.398918
0.225810
0.141663
0.504359
0.324601
0.472538
